82
98
56
90
1
77
10
37
57
24
27
3
46
23
91
78
90
13
76
36
50
71
5
76
50
99
93
16
84
53
5
30
69
96
58
5
84
98
82
73
8
9
69
40
1
4
47
83
46
43
33
88
14
87
34
29
77
77
77
46
98
60
5
45
63
19
76
83
85
29
53
64
39
69
61
56
18
34
89
24
99
8
50
12
1
5
45
27
65
7
94
73
80
47
80
21
68
83
44
26
31
37
20
13
73
46
67
62
2
63
23
77
1
79
29
48
31
56
73
9
79
85
70
44
22
31
62
43
64
51
37
80
91
74
31
73
16
22
15
8
11
14
5
89
43
58
40
40
13
37
39
43
11
74
95
9
33
10
43
43
70
88
71
76
48
77
45
68
78
15
1
25
24
68
5
61
91
3
34
56
74
58
31
91
69
8
52
71
76
27
90
44
28
42
94
21
14
28
83
45
9
37
6
37
91
59
53
68
23
3
4
36
18
30
44
66
69
61
69
26
75
51
8
78
84
37
58
25
17
94
53
76
19
38
33
47
76
22
33
31
69
73
48
64
94
17
23
23
82
22
75
78
59
80
40
62
47
40
96
71
71
92
10
42
1
72
82
37
19
86
59
45
43
79
80
33
29
51
28
71
94
98
8
7
55
5
91
36
18
53
62
19
21
16
91
39
39
32
65
46
13
28
81
95
98
99
58
13
32
53
10
73
59
63
46
45
84
90
77
7
99
54
50
8
73
49
35
70
69
22
34
58
26
77
95
72
54
66
44
65
70
14
74
67
87
79
79
47
93
75
34
59
59
31
63
36
46
75
36
99
79
94
37
25
96
76
19
53
95
91
37
70
40
31
83
21
4
75
61
55
98
81
85
82
82
18
57
90
57
50
71
36
57
63
83
47
42
86
22
2
69
20
89
94
81
22
55
32
99
99
43
20
24
95
30
89
92
57
92
2
89
3
63
10
83
3
42
80
61
54
87
93
72
7
45
70
93
69
7
67
65
15
2
79
75
58
79
67
88
78
57
68
79
45
70
48
64
8
8
60
15
88
48
29
48
1
7
15
73
47
46
87
40
26
84
58
77
84
78
81
44
95
98
16
94
64
5
27
70
86
88
59
4
16
34
40
32
26
89
19
56
57
82
48
73
9
51
58
52
79
92
38
71
76
25
18
26
41
0
50
55
27
2
85
14
23
37
62
62
70
78
64
98
6
20
21
84
60
49
19
0
90
36
7
40
35
81
34
28
75
30
14
80
41
31
95
24
67
68
29
4
52
2
64
60
54
56
14
88
47
12
73
8
50
51
67
24
70
58
96
75
50
28
34
30
33
89
75
11
75
52
42
19
53
93
41
98
37
97
61
71
33
7
32
48
22
41
47
56
58
4
32
91
55
85
0
67
31
78
46
85
12
64
71
8
45
47
70
90
68
60
31
76
12
98
52
21
66
41
34
34
35
36
82
85
88
74
68
92
23
48
92
70
80
90
20
9
52
13
98
79
26
12
90
42
50
14
38
98
62
4
54
63
65
0
58
77
79
3
15
49
28
41
49
89
6
91
12
59
82
1
59
54
31
58
74
66
44
77
64
16
71
18
87
87
11
82
16
89
36
60
64
54
36
0
26
94
34
90
64
86
42
17
36
93
55
30
50
49
97
93
11
10
28
94
78
58
50
45
17
44
53
68
72
50
33
6
33
1
80
1
71
70
1
36
24
24
63
47
7
61
99
41
48
60
41
81
79
92
30
61
67
47
64
99
39
31
28
69
4
48
77
1
18
98
7
38
65
49
90
46
68
19
20
29
73
63
10
51
65
68
67
46
7
8
40
91
80
24
44
15
1
52
80
25
68
20
64
87
42
42
8
31
54
15
81
65
28
26
12
15
12
64
41
4
85
71
78
62
20
12
43
30
33
83
78
63
18
3
7
27
31
3
18
34
93
49
58
17
47
37
54
10
90
71
31
47
70
46
57
53
98
57
59
68
13
96
1
84
43
38
53
55
0
39
35
2
47
73
86
10
83
9
32
52
48
16
6
80
56
0
9
95
54
45
25
4
47
24
87
51
36
59
42
78
0
51
51
99
43
91
91
42
85
34
75
80
36
60
42
38
57
98
