10
68
86
33
20
59
12
16
73
57
8
97
45
43
14
80
78
58
90
86
43
5
1
94
21
29
24
86
47
13
60
74
55
57
7
24
75
58
79
55
73
48
83
21
55
18
64
25
50
11
78
51
66
62
36
51
75
1
8
68
27
4
24
49
48
92
66
71
77
55
7
82
13
22
73
42
5
69
15
34
28
40
42
8
89
68
57
97
71
14
41
68
80
44
67
54
28
37
0
12
58
66
20
84
59
82
66
19
30
80
16
88
32
5
90
27
20
22
45
64
59
63
79
71
74
57
74
18
85
15
56
92
25
39
69
62
66
66
91
80
23
5
86
27
6
42
74
6
39
28
8
86
81
22
71
31
6
24
57
4
25
63
97
88
98
95
71
23
61
28
94
77
79
22
54
5
74
91
15
70
59
34
42
72
59
9
43
97
91
8
47
84
42
97
5
90
2
1
61
68
77
41
93
41
26
30
8
37
28
43
44
32
20
32
26
96
67
33
89
86
58
1
78
40
66
1
80
72
20
37
8
49
95
37
59
34
93
18
63
9
47
59
4
31
88
3
65
42
38
41
88
80
94
4
31
17
70
54
24
4
4
24
32
97
65
27
68
43
75
28
56
33
53
79
1
70
62
74
43
49
37
7
72
85
96
8
45
57
70
22
94
72
59
80
44
68
8
61
4
0
97
2
47
70
44
71
78
31
3
98
15
54
74
17
25
3
22
69
58
96
54
27
27
35
61
75
5
87
96
93
7
81
42
8
95
44
62
18
83
68
93
58
54
36
6
88
88
64
99
43
82
30
86
42
82
16
60
85
23
78
93
16
22
66
10
4
1
26
89
85
5
39
60
66
96
48
37
4
67
38
40
43
11
81
73
10
59
77
90
92
86
4
95
41
15
7
82
92
21
1
34
44
14
67
27
54
84
74
46
61
92
91
55
20
3
24
97
49
30
33
75
74
89
50
74
90
76
36
58
95
94
72
93
51
24
83
42
50
15
80
51
98
98
65
80
22
98
21
85
5
7
71
6
35
36
59
57
89
32
78
48
78
85
31
94
6
82
13
17
3
80
61
27
28
49
78
38
66
70
32
24
63
71
61
87
5
1
15
90
71
11
71
50
99
10
24
81
8
8
32
53
92
8
43
41
59
69
77
85
83
45
46
67
15
60
62
15
42
42
72
63
44
61
32
32
0
12
76
18
78
58
56
26
78
55
14
51
3
94
13
74
97
11
11
3
48
12
18
1
29
31
27
18
92
71
37
77
68
64
78
37
4
68
33
11
3
53
95
11
47
17
76
60
52
73
62
78
27
42
17
30
26
18
67
29
10
83
22
5
56
94
11
57
34
47
39
56
69
41
46
54
49
32
45
27
45
99
79
21
33
66
23
37
82
9
22
73
27
27
32
5
59
65
46
48
36
29
30
62
12
16
58
24
35
17
8
96
95
89
55
8
39
84
16
46
44
56
60
98
91
46
25
40
53
86
32
16
29
88
65
44
22
17
76
77
97
87
36
62
10
90
86
63
56
40
84
26
72
28
98
52
62
16
10
2
38
92
48
26
70
63
22
54
1
61
71
1
73
74
31
58
14
79
71
26
55
3
43
36
10
5
35
7
11
97
80
64
55
77
8
55
3
74
80
57
0
40
83
88
25
59
80
99
56
80
39
76
63
56
65
53
99
79
60
27
72
45
77
10
91
59
16
77
67
85
52
77
23
53
14
34
19
68
79
62
71
12
37
59
89
34
50
96
58
29
89
56
3
69
91
18
58
58
37
37
36
81
96
24
43
45
41
78
85
50
72
34
40
72
90
37
73
7
86
73
11
36
69
89
5
55
84
86
36
47
63
43
88
80
45
52
79
44
87
46
35
2
95
47
97
31
21
56
98
95
73
65
67
32
52
52
49
21
34
82
58
14
33
7
76
8
51
9
55
46
49
8
11
11
0
42
84
50
95
42
1
52
63
11
1
48
11
31
97
54
63
61
71
47
63
53
24
8
18
54
0
6
54
94
91
25
27
46
96
69
79
48
95
31
24
0
1
81
54
3
47
58
85
51
0
29
42
20
19
36
18
3
41
64
92
30
76
28
52
11
82
84
70
55
5
5
36
75
95
10
80
21
24
6
42
1
15
21
98
38
42
96
95
81
42
42
3
93
34
21
39
98
84
62
35
85
10
65
84
12
12
49
54
39
28
92
0
46
74
38
14
89
17
93
86
27
15
62
92
11
21
94
21
19
40
68
75
15
77
95
90
24
63
79
59
2
38
82
42
39
12
65
7
55
36
93
45
38
5
44
66
96
16
89
76
73
58
93
58
68
41
15
59
26
4
27
55
26
35
78
15
11
94
70
96
42
79
86
33
60
70
82
42
76
36
37
37
52
12
94
55
62
59
37
4
3
88
71
36
87
8
74
33
66
18
57
54
31
49
75
15
92
5
26
96
3
97
62
52
44
20
35
62
60
75
61
63
42
14
92
43
56
82
69
15
41
58
21
20
86
40
44
45
12
55
64
43
61
19
96
9
90
21
36
80
29
76
16
33
31
50
53
63
39
12
84
49
83
22
78
67
7
90
69
49
28
10
58
64
50
86
67
41
90
12
68
13
3
68
53
35
7
40
27
30
59
5
73
42
25
8
62
30
50
15
62
65
12
65
14
6
73
29
36
18
19
8
79
80
28
21
79
11
74
73
2
84
99
20
1
72
66
98
43
74
7
93
91
46
77
36
76
21
52
73
13
85
53
25
95
54
50
96
88
51
66
56
78
70
45
78
17
46
74
71
6
39
26
78
89
21
75
52
37
58
29
14
92
39
80
35
90
54
15
49
44
85
1
81
94
83
23
55
20
16
50
20
50
12
15
7
95
1
53
8
89
61
17
52
32
74
93
46
25
29
96
3
1
31
55
68
3
72
46
58
94
78
5
79
20
33
73
36
37
65
59
88
84
29
84
2
69
12
56
3
67
70
21
51
24
96
31
74
24
33
98
93
87
92
16
22
84
35
10
73
83
87
45
92
17
55
18
18
35
15
48
53
33
38
46
81
14
55
65
46
86
5
95
82
47
46
90
49
37
2
40
41
41
77
4
49
5
34
95
42
54
37
1
97
83
16
79
77
10
98
66
1
13
12
57
62
99
68
95
98
36
65
68
42
79
25
88
22
68
95
71
18
83
80
44
42
60
49
75
47
56
99
29
13
28
16
76
64
41
94
60
19
81
24
50
86
98
18
72
3
85
74
78
76
37
18
48
7
13
8
72
74
8
4
58
16
72
38
52
10
31
48
88
87
87
60
35
81
13
91
80
5
49
58
88
30
16
77
33
23
90
54
61
39
82
88
50
93
33
20
92
74
28
42
92
59
99
13
45
45
95
62
96
75
11
95
92
57
8
87
68
59
58
30
53
34
59
87
81
81
26
98
62
29
92
20
39
41
5
94
36
64
74
2
26
77
80
10
84
81
97
3
36
93
30
17
65
75
69
97
61
27
12
99
84
75
31
71
22
79
80
84
38
88
90
35
7
95
80
26
22
38
95
21
46
68
90
63
58
66
50
45
5
39
47
20
40
0
50
57
31
92
97
54
30
50
69
65
25
82
27
56
44
0
75
84
53
57
69
15
10
18
65
29
90
53
62
12
20
67
99
47
17
69
96
73
44
1
44
8
59
1
52
56
44
22
91
34
73
22
44
93
98
12
54
80
50
94
2
20
29
41
92
37
37
89
32
84
55
4
96
23
46
56
28
77
19
65
41
30
75
65
26
47
70
64
1
46
77
44
31
11
91
90
4
92
10
76
46
28
53
30
40
12
25
15
74
92
29
25
12
84
43
33
61
22
54
94
70
39
49
62
28
98
2
74
35
18
89
42
25
77
40
92
32
78
92
75
3
28
10
85
76
72
23
15
82
52
22
85
74
19
76
9
26
33
86
4
73
60
48
16
31
58
25
14
32
73
48
59
15
62
74
99
9
81
9
90
80
49
41
10
40
70
2
75
37
19
3
54
15
83
2
93
29
67
32
35
76
29
41
72
29
73
36
17
80
1
89
62
61
96
73
37
79
84
54
59
8
96
53
22
23
5
4
89
18
37
9
9
96
83
13
16
54
5
46
68
87
63
30
71
22
62
24
2
1
29
76
1
68
65
43
60
7
96
69
20
92
16
44
30
21
57
42
97
50
8
51
16
84
95
44
2
79
22
76
77
18
65
1
30
16
10
43
50
97
18
46
7
92
43
49
55
10
60
76
63
1
4
86
80
50
93
84
90
51
77
19
29
44
17
97
84
34
66
87
95
11
69
66
89
26
34
40
20
19
32
78
24
30
57
29
90
29
9
57
43
3
50
86
99
56
15
62
78
47
97
5
54
41
71
69
39
93
30
77
16
56
9
56
6
13
28
14
24
45
47
36
77
82
26
21
7
35
68
98
29
74
60
67
52
29
86
16
43
94
75
63
44
17
39
95
32
48
84
62
19
74
88
28
29
25
1
48
81
8
48
21
27
49
79
58
76
56
93
54
51
88
84
0
69
98
51
90
2
21
6
69
42
33
98
41
94
20
58
83
60
39
47
5
71
93
1
38
44
27
55
68
10
48
86
54
40
60
99
26
73
20
53
19
83
69
38
76
80
3
37
86
34
68
62
65
89
74
23
7
70
5
66
17
41
98
88
66
76
5
48
54
8
91
98
96
76
1
16
80
44
41
3
25
33
35
79
62
89
87
0
25
91
53
57
33
34
97
87
45
60
3
75
6
47
68
69
20
62
35
8
6
85
95
0
8
77
68
59
30
32
96
5
80
99
86
95
85
3
79
90
81
99
45
18
87
26
67
41
43
65
19
39
85
19
8
55
34
20
0
11
81
41
95
49
51
26
57
10
52
0
13
90
7
98
79
62
72
38
18
67
12
84
3
35
25
26
33
20
73
28
90
69
50
77
54
29
88
43
63
77
82
27
30
42
83
40
37
40
41
34
7
34
85
8
20
41
51
23
78
52
47
99
49
63
41
10
66
49
13
8
93
56
48
34
72
47
65
35
88
26
87
62
50
70
24
50
31
46
66
41
42
95
65
30
43
15
27
98
22
16
72
23
77
83
78
44
3
49
52
33
26
26
34
51
53
69
47
88
27
24
95
48
86
92
76
40
8
75
23
17
75
50
23
48
57
50
59
70
97
10
26
43
49
70
41
28
61
64
28
6
8
92
97
29
70
12
98
80
50
1
49
37
37
44
91
29
80
61
95
54
32
33
62
17
8
68
16
45
85
89
44
10
18
31
28
35
33
30
20
61
62
31
82
76
72
5
68
8
18
12
35
62
17
92
19
99
55
31
75
62
95
72
99
50
53
19
13
74
44
3
58
76
5
56
94
77
7
18
6
75
36
99
30
90
19
55
90
92
66
78
47
20
36
1
89
43
25
34
51
50
47
78
56
61
62
79
3
0
14
87
29
91
92
50
32
24
83
96
40
70
2
87
72
46
32
2
10
25
95
66
63
92
21
0
25
72
81
46
7
34
91
91
25
51
80
93
42
22
37
4
19
71
41
9
1
8
98
94
2
99
25
93
48
91
87
68
39
0
54
76
98
30
0
71
10
18
26
84
87
31
0
17
24
44
21
31
2
11
39
11
76
95
41
26
34
71
25
59
56
54
9
92
51
16
41
90
20
47
88
87
52
52
85
43
67
16
85
71
52
74
66
85
42
43
58
64
2
81
42
85
10
14
91
40
82
97
20
65
30
95
9
94
44
19
80
41
12
1
81
96
82
57
40
57
62
72
76
65
39
44
15
89
19
16
26
15
48
23
19
23
98
90
66
17
47
34
32
20
51
5
93
30
64
76
85
70
98
29
96
28
74
52
0
47
69
63
8
65
16
44
10
29
86
15
85
17
86
16
86
15
51
61
45
97
59
64
89
2
4
12
24
0
82
5
96
96
6
61
8
62
47
88
51
86
47
36
92
80
57
2
89
99
6
4
54
97
54
60
55
30
89
67
86
31
36
8
20
20
11
20
50
50
84
65
52
27
13
99
81
71
10
75
15
75
91
80
50
97
38
96
12
92
94
19
9
56
67
52
76
6
40
97
54
45
51
57
13
91
24
29
26
50
35
15
66
40
21
51
47
95
46
37
3
68
81
12
5
35
71
41
87
22
77
99
68
38
69
87
68
19
20
74
2
34
20
14
70
93
89
82
88
66
34
34
57
17
31
66
42
12
37
35
34
66
17
24
53
31
13
48
31
38
77
77
89
17
64
97
84
3
28
57
17
38
15
99
18
32
15
8
8
79
48
19
52
7
62
66
36
76
60
43
18
41
87
87
24
33
71
91
64
30
4
12
54
67
81
44
14
40
71
71
11
72
20
28
15
92
91
2
16
7
73
60
74
76
62
33
89
84
54
20
58
5
62
14
92
65
22
82
96
86
50
63
20
59
26
67
56
6
39
48
3
69
48
79
15
70
9
4
74
0
56
8
17
4
70
64
65
49
12
52
88
61
11
48
94
60
30
86
66
64
72
55
1
94
38
0
33
59
38
39
74
79
78
24
22
96
84
66
87
85
23
98
48
98
8
58
9
19
14
39
63
19
44
57
48
66
14
0
47
76
31
64
97
91
54
11
32
21
7
96
25
2
90
28
46
28
59
56
69
52
36
1
8
26
8
68
49
41
5
30
94
17
62
45
83
30
47
58
45
98
13
1
55
48
81
75
26
48
49
95
50
47
60
25
93
91
76
85
5
3
90
11
14
17
13
88
4
66
7
31
30
20
81
35
13
27
61
86
54
41
43
67
52
92
57
45
53
66
56
23
83
21
45
57
42
37
49
61
85
49
10
32
82
58
18
44
56
68
5
65
4
80
47
92
24
95
63
92
76
36
56
44
87
1
23
70
75
20
86
58
68
25
92
92
87
73
78
21
38
21
58
45
13
13
62
5
40
52
35
83
84
96
20
66
33
80
11
62
48
27
8
69
91
81
18
92
10
92
79
69
33
55
87
61
72
35
72
99
6
47
56
19
31
23
4
98
49
27
26
63
18
89
3
15
49
20
12
86
98
12
46
30
88
63
40
53
22
58
65
82
65
85
11
93
14
97
64
64
47
20
3
59
61
3
67
92
26
64
92
36
60
36
3
22
7
23
58
74
46
91
4
14
93
72
91
16
32
89
67
72
20
36
54
93
77
68
3
52
